0 0.120873 0.307128 0.017689 0.044025
0 0.131486 0.268344 0.020047 0.037736
0 0.304245 0.129979 0.018868 0.033543
0 0.484670 0.207547 0.021226 0.029350
0 0.619693 0.254717 0.031840 0.027254
0 0.875590 0.667715 0.022406 0.060797
0 0.843160 0.734801 0.028302 0.044025
0 0.149764 0.530398 0.035377 0.046122
0 0.198113 0.585954 0.025943 0.039832
0 0.051887 0.772537 0.025943 0.031447
0 0.030071 0.367925 0.020047 0.027254
0 0.018868 0.436059 0.025943 0.050314
0 0.030071 0.389937 0.034198 0.033543
0 0.399764 0.053459 0.011792 0.031447
0 0.429835 0.931866 0.029481 0.052411
0 0.308962 0.929769 0.025943 0.027254