0 0.303066 0.654088 0.016509 0.033543
0 0.313679 0.631027 0.018868 0.041929
0 0.336675 0.653040 0.022406 0.048218
0 0.693986 0.662474 0.031840 0.050314
0 0.676297 0.907757 0.024764 0.054507
0 0.360849 0.942348 0.033019 0.069182
0 0.519458 0.402516 0.015330 0.041929
0 0.557783 0.438155 0.016509 0.029350
0 0.385613 0.365828 0.016509 0.064990
0 0.493514 0.137317 0.015330 0.027254
0 0.406840 0.084906 0.014151 0.044025
0 0.506486 0.135220 0.008255 0.077568
0 0.548939 0.568134 0.022406 0.050314
0 0.608491 0.542977 0.028302 0.054507
0 0.582547 0.524109 0.014151 0.058700