0 0.060731 0.767296 0.043632 0.046122
0 0.065448 0.830189 0.045991 0.058700
0 0.330189 0.736897 0.047170 0.039832
0 0.500000 0.857442 0.056604 0.083857
0 0.920401 0.687631 0.010613 0.075472
0 0.783608 0.835430 0.017689 0.081761
0 0.286557 0.232704 0.021226 0.071279
0 0.036146 0.155319 0.017945 0.040106
0 0.196114 0.133443 0.019996 0.040106
0 0.112541 0.094704 0.023072 0.022787
0 0.349159 0.086045 0.012305 0.034637
0 0.419401 0.129797 0.018458 0.025522
0 0.682527 0.053687 0.012305 0.033725
0 0.756358 0.179017 0.012305 0.034637
0 0.768406 0.185398 0.013843 0.027345
0 0.781737 0.253760 0.022047 0.025522
0 0.917607 0.123416 0.009742 0.038283