0 0.193396 0.452830 0.023585 0.041929
0 0.498821 0.779874 0.021226 0.092243
0 0.819575 0.709644 0.021226 0.106918
0 0.965212 0.542977 0.069575 0.046122
0 0.949882 0.414046 0.010613 0.073375
0 0.992925 0.286164 0.014150 0.069182
0 0.960495 0.128931 0.012972 0.052411
0 0.592129 0.174092 0.009336 0.037561
0 0.597779 0.170161 0.008844 0.038435
0 0.510318 0.091108 0.008844 0.034067
0 0.528990 0.090671 0.009827 0.033194
0 0.519163 0.088050 0.008844 0.043676
0 0.491401 0.014850 0.006388 0.029700
0 0.501474 0.013976 0.009827 0.027952
0 0.173300 0.096087 0.012284 0.033194
0 0.114583 0.076869 0.016706 0.031447