0 0.160967 0.415094 0.020047 0.050314
0 0.347288 0.501048 0.036557 0.054507
0 0.367925 0.614256 0.023585 0.058700
0 0.329009 0.901468 0.037736 0.041929
0 0.379127 0.651992 0.022406 0.037736
0 0.586675 0.709644 0.015330 0.056604
0 0.613797 0.709644 0.012972 0.052411
0 0.567217 0.483229 0.018868 0.048218
0 0.580778 0.486373 0.017689 0.037736
0 0.454599 0.339623 0.015330 0.050314
0 0.376179 0.336478 0.016509 0.039832
0 0.659788 0.330189 0.010613 0.052411
0 0.666274 0.269392 0.007075 0.052411
0 0.425708 0.129979 0.014151 0.037736
0 0.500590 0.126834 0.010613 0.027254