0 0.018868 0.767296 0.030660 0.071279
0 0.035377 0.564407 0.018344 0.048917
0 0.085495 0.526555 0.021619 0.054740
0 0.116614 0.502096 0.015723 0.045423
0 0.182455 0.493944 0.013758 0.038435
0 0.140527 0.525245 0.009827 0.042802
0 0.179835 0.535290 0.010810 0.038435
0 0.170008 0.520877 0.008844 0.042802
0 0.137824 0.484189 0.012284 0.034067
0 0.151582 0.499476 0.008353 0.047170
0 0.365812 0.391160 0.012284 0.027952
0 0.360898 0.250874 0.010318 0.031447
0 0.539701 0.773236 0.010810 0.034941
0 0.639691 0.760133 0.008353 0.034941
0 0.644114 0.529962 0.005405 0.039308
0 0.623231 0.527341 0.013758 0.037561
0 0.547317 0.486723 0.012284 0.027952
0 0.504324 0.521663 0.013758 0.031447
0 0.525538 0.424987 0.011424 0.020309
0 0.526828 0.448899 0.004422 0.028826
0 0.539726 0.437434 0.008107 0.036032
0 0.482238 0.404350 0.013267 0.034067
0 0.467129 0.399437 0.010318 0.028171
0 0.696766 0.674154 0.013477 0.026954
0 0.445474 0.307278 0.007300 0.027952
0 0.373095 0.170295 0.011792 0.032253