0 0.161557 0.528302 0.021226 0.033543
0 0.199292 0.479036 0.025943 0.027254
0 0.156572 0.415380 0.014473 0.029541
0 0.184981 0.397275 0.014473 0.035258
0 0.224378 0.393939 0.012864 0.026682
0 0.245819 0.392986 0.005360 0.034305
0 0.256539 0.398704 0.016081 0.032399
0 0.204813 0.384887 0.013401 0.020011
0 0.383844 0.492567 0.011256 0.027635
0 0.449775 0.456356 0.011256 0.031447
0 0.515169 0.494950 0.009112 0.030494
0 0.480060 0.414904 0.010720 0.036211
0 0.511005 0.348976 0.011505 0.032048
0 0.373367 0.219078 0.010885 0.023383
0 0.388108 0.183196 0.008618 0.025802
0 0.560005 0.326318 0.009525 0.026609
0 0.526669 0.377923 0.009071 0.033059