0 0.827830 0.662474 0.011792 0.058700
0 0.859080 0.668763 0.010613 0.058700
0 0.843750 0.726415 0.022406 0.064990
0 0.906840 0.851153 0.014151 0.083857
0 0.551297 0.273585 0.017689 0.031447
0 0.613208 0.355346 0.016509 0.044025
0 0.626909 0.364081 0.011231 0.030947
0 0.635052 0.352101 0.008423 0.024958
0 0.626348 0.340122 0.007862 0.024958
0 0.702437 0.419986 0.012916 0.038934
0 0.553066 0.204253 0.011792 0.029949
0 0.497754 0.121394 0.007862 0.025956
0 0.476134 0.115903 0.006177 0.020964
0 0.363825 0.177798 0.008423 0.018968
0 0.380110 0.197764 0.010669 0.020964
0 0.387410 0.191774 0.009546 0.014975
0 0.599955 0.215234 0.007862 0.023959